time	PD 05		PD 1		PD 2		PD 4		ND 05		ND 1		ND 2		ND 4	
0.077	0.031	0.025	0.019	0.034	0.040	0.030	-0.035	0.052	0.202	0.097	-0.012	0.074	0.174	0.078	0.089	0.087
0.154	0.040	0.026	0.021	0.026	0.064	0.026	-0.010	0.041	0.183	0.096	-0.022	0.068	0.158	0.064	0.096	0.083
0.231	0.046	0.030	0.055	0.042	0.082	0.033	-0.001	0.037	0.187	0.094	-0.014	0.063	0.133	0.049	0.102	0.084
0.308	0.057	0.031	0.008	0.062	0.023	0.067	-0.010	0.032	0.175	0.083	0.000	0.053	0.137	0.045	0.106	0.082
0.385	0.043	0.034	0.004	0.060	0.021	0.064	0.002	0.025	0.163	0.080	0.019	0.049	0.117	0.037	0.101	0.075
0.462	0.050	0.034	0.006	0.058	0.021	0.061	0.003	0.029	0.145	0.073	0.007	0.044	0.110	0.031	0.080	0.066
0.538	0.049	0.034	-0.006	0.056	0.015	0.063	0.003	0.025	0.127	0.068	0.021	0.034	0.091	0.028	0.082	0.062
0.615	0.032	0.030	0.007	0.043	0.027	0.053	0.004	0.024	0.117	0.061	0.019	0.031	0.090	0.030	0.082	0.060
0.692	0.032	0.030	-0.007	0.051	0.029	0.046	0.015	0.025	0.116	0.057	0.006	0.030	0.075	0.029	0.074	0.059
0.769	0.025	0.023	-0.007	0.040	0.018	0.044	0.003	0.026	0.103	0.051	0.010	0.027	0.061	0.025	0.087	0.057
0.846	0.020	0.027	0.007	0.033	0.004	0.040	0.014	0.022	0.091	0.049	0.011	0.024	0.053	0.026	0.059	0.055
0.923	0.006	0.021	-0.015	0.042	-0.002	0.037	0.033	0.030	0.079	0.042	-0.003	0.019	0.040	0.030	0.079	0.045
1.000	0.013	0.024	0.003	0.027	0.005	0.034	0.019	0.022	0.077	0.039	0.021	0.022	0.044	0.027	0.053	0.034
1.077	-0.000	0.023	-0.011	0.032	0.012	0.031	0.013	0.009	0.053	0.034	0.001	0.021	0.028	0.024	0.045	0.039
1.154	-0.014	0.026	-0.002	0.033	0.011	0.026	0.020	0.021	0.041	0.023	-0.005	0.019	0.010	0.029	0.033	0.025
1.231	-0.017	0.022	-0.017	0.032	0.004	0.020	0.018	0.015	0.039	0.025	0.006	0.010	-0.002	0.029	0.047	0.017
1.308	-0.011	0.023	-0.005	0.017	0.030	0.017	-0.002	0.010	0.031	0.018	0.006	0.013	-0.001	0.032	0.064	0.020
1.385	-0.023	0.022	-0.011	0.012	0.006	0.012	0.010	0.009	0.024	0.017	0.015	0.009	-0.018	0.025	0.034	0.025
1.462	-0.012	0.017	-0.015	0.011	-0.008	0.006	0.007	0.010	0.014	0.014	0.004	0.007	-0.025	0.032	0.048	0.023
1.538	-0.015	0.020	-0.015	0.011	-0.002	0.010	0.016	0.016	0.018	0.015	0.001	0.006	0.020	0.006	0.012	0.020
1.615	-0.020	0.017	-0.005	0.008	-0.008	0.007	-0.008	0.007	-0.002	0.009	0.002	0.004	0.009	0.007	0.016	0.022
1.692	-0.019	0.020	-0.001	0.010	0.003	0.006	-0.009	0.010	0.018	0.024	0.010	0.007	-0.024	0.027	-0.019	0.014
1.769	0.024	0.055	0.010	0.010	-0.015	0.007	-0.007	0.008	-0.010	0.007	0.008	0.007	-0.005	0.004	0.015	0.019
1.846	0.046	0.069	-0.008	0.012	-0.004	0.006	-0.004	0.006	-0.011	0.011	-0.001	0.008	-0.016	0.008	-0.027	0.012
1.923	0.007	0.029	-0.014	0.014	-0.015	0.008	-0.018	0.017	-0.003	0.024	-0.004	0.008	0.017	0.023	-0.036	0.016
2.000	0.020	0.028	-0.006	0.019	-0.016	0.007	-0.004	0.009	0.004	0.023	-0.011	0.009	-0.001	0.019	-0.043	0.017
2.077	0.045	0.024	-0.011	0.023	-0.015	0.011	0.000	0.009	-0.045	0.021	-0.007	0.008	0.007	0.024	-0.040	0.016
2.154	0.117	0.055	-0.016	0.019	-0.001	0.016	0.006	0.012	-0.006	0.029	-0.006	0.009	0.002	0.024	-0.049	0.020
2.231	0.193	0.056	-0.001	0.030	-0.006	0.013	-0.005	0.014	-0.060	0.023	-0.007	0.009	0.032	0.060	-0.022	0.025
2.308	0.263	0.063	0.086	0.052	-0.021	0.019	-0.022	0.017	-0.054	0.024	-0.011	0.010	-0.006	0.023	-0.035	0.025
2.385	0.395	0.098	0.157	0.077	-0.010	0.023	-0.025	0.021	-0.047	0.022	-0.010	0.007	0.016	0.038	-0.043	0.025
2.462	0.517	0.126	0.292	0.103	0.076	0.038	-0.003	0.025	-0.056	0.025	-0.015	0.009	-0.006	0.024	-0.065	0.027
2.538	0.690	0.142	0.434	0.121	0.227	0.071	0.063	0.029	-0.070	0.027	-0.029	0.010	-0.039	0.015	-0.066	0.029
2.615	0.858	0.173	0.551	0.145	0.358	0.092	0.078	0.028	-0.074	0.031	-0.038	0.013	-0.054	0.021	-0.068	0.032
2.692	1.072	0.196	0.638	0.154	0.405	0.103	0.074	0.038	-0.073	0.034	-0.068	0.030	-0.084	0.047	-0.069	0.031
2.769	1.285	0.235	0.623	0.150	0.345	0.087	0.041	0.039	-0.071	0.036	-0.058	0.037	-0.046	0.033	-0.088	0.037
2.846	1.416	0.252	0.594	0.138	0.267	0.074	0.048	0.038	-0.083	0.040	-0.070	0.044	-0.046	0.038	-0.095	0.043
2.923	1.502	0.255	0.507	0.120	0.199	0.073	0.033	0.049	-0.088	0.039	-0.084	0.048	-0.071	0.053	-0.087	0.047
3.000	1.515	0.252	0.414	0.107	0.241	0.077	0.036	0.048	-0.086	0.045	-0.074	0.054	-0.075	0.053	-0.108	0.042
3.077	1.475	0.240	0.341	0.088	0.326	0.097	0.016	0.043	-0.089	0.044	-0.061	0.057	-0.085	0.052	-0.099	0.048
3.154	1.359	0.219	0.279	0.082	0.403	0.099	0.030	0.037	-0.072	0.040	-0.061	0.065	-0.087	0.053	-0.102	0.047
3.231	1.256	0.200	0.267	0.076	0.386	0.098	-0.013	0.063	-0.087	0.043	-0.049	0.066	-0.087	0.054	-0.117	0.050
3.308	1.126	0.185	0.287	0.083	0.313	0.086	-0.010	0.057	-0.077	0.042	-0.051	0.067	-0.093	0.053	-0.114	0.047
3.385	0.983	0.163	0.355	0.098	0.262	0.078	-0.008	0.048	-0.081	0.043	-0.059	0.067	-0.088	0.055	-0.115	0.049
3.462	0.871	0.154	0.502	0.122	0.192	0.073	-0.040	0.054	-0.071	0.042	-0.077	0.065	-0.091	0.058	-0.125	0.050
3.538	0.738	0.132	0.667	0.139	0.248	0.085	-0.043	0.071	-0.047	0.038	-0.074	0.065	-0.100	0.059	-0.127	0.050
3.615	0.599	0.114	0.800	0.157	0.361	0.100	-0.058	0.068	-0.027	0.038	-0.087	0.067	-0.103	0.058	-0.130	0.049
3.692	0.495	0.100	0.893	0.171	0.412	0.104	-0.048	0.070	-0.017	0.036	-0.090	0.068	-0.102	0.058	-0.125	0.051
3.769	0.493	0.120	0.940	0.171	0.373	0.097	-0.073	0.078	-0.008	0.034	-0.103	0.070	-0.097	0.058	-0.113	0.051
3.846	0.429	0.129	0.916	0.153	0.287	0.091	-0.074	0.079	0.002	0.032	-0.111	0.071	-0.097	0.064	-0.132	0.055
3.923	0.420	0.151	0.809	0.135	0.254	0.077	-0.065	0.069	0.018	0.029	-0.099	0.073	-0.101	0.058	-0.131	0.051
4.000	0.395	0.141	0.677	0.115	0.241	0.075	-0.078	0.072	0.020	0.026	-0.107	0.077	-0.101	0.061	-0.138	0.052
4.077	0.383	0.127	0.579	0.108	0.301	0.094	-0.092	0.087	0.011	0.029	-0.094	0.080	-0.125	0.064	-0.142	0.054
4.154	0.387	0.101	0.497	0.087	0.405	0.109	-0.080	0.082	-0.002	0.024	-0.094	0.078	-0.110	0.063	-0.132	0.053
4.231	0.414	0.077	0.453	0.079	0.411	0.115	-0.107	0.093	-0.012	0.025	-0.094	0.077	-0.121	0.062	-0.127	0.053
4.308	0.527	0.086	0.465	0.087	0.344	0.103	-0.111	0.097	-0.033	0.026	-0.076	0.077	-0.115	0.062	-0.154	0.053
4.385	0.695	0.114	0.520	0.099	0.265	0.090	-0.114	0.088	-0.043	0.031	-0.086	0.075	-0.122	0.064	-0.143	0.056
4.462	0.911	0.152	0.595	0.131	0.226	0.085	-0.110	0.089	-0.039	0.027	-0.086	0.071	-0.119	0.065	-0.148	0.057
4.538	1.205	0.181	0.791	0.149	0.244	0.097	-0.119	0.091	-0.052	0.036	-0.087	0.072	-0.123	0.065	-0.150	0.057
4.615	1.489	0.230	0.961	0.174	0.347	0.122	-0.102	0.089	-0.055	0.037	-0.105	0.076	-0.123	0.065	-0.143	0.056
4.692	1.702	0.262	1.089	0.191	0.422	0.126	-0.117	0.095	-0.074	0.041	-0.105	0.076	-0.119	0.066	-0.146	0.056
4.769	1.960	0.286	1.157	0.197	0.379	0.118	-0.131	0.095	-0.076	0.043	-0.107	0.082	-0.130	0.064	-0.136	0.056
4.846	2.165	0.320	1.093	0.180	0.322	0.106	-0.120	0.097	-0.081	0.045	-0.100	0.079	-0.132	0.066	-0.141	0.057
4.923	2.318	0.345	0.993	0.177	0.251	0.093	-0.127	0.097	-0.081	0.047	-0.103	0.083	-0.131	0.067	-0.142	0.056
5.000	2.350	0.363	0.879	0.152	0.220	0.094	-0.129	0.098	-0.086	0.051	-0.101	0.082	-0.140	0.067	-0.146	0.055
5.077	2.313	0.339	0.769	0.133	0.271	0.121	-0.132	0.103	-0.094	0.049	-0.096	0.083	-0.133	0.069	-0.150	0.054
5.154	2.204	0.319	0.657	0.112	0.394	0.132	-0.133	0.100	-0.084	0.051	-0.089	0.086	-0.135	0.067	-0.145	0.056
5.231	2.073	0.299	0.583	0.102	0.429	0.141	-0.132	0.096	-0.098	0.050	-0.072	0.088	-0.131	0.067	-0.145	0.056
5.308	1.919	0.275	0.567	0.101	0.387	0.124	-0.134	0.103	-0.089	0.048	-0.072	0.083	-0.134	0.068	-0.148	0.059
5.385	1.734	0.248	0.634	0.118	0.291	0.108	-0.134	0.102	-0.083	0.047	-0.085	0.085	-0.128	0.072	-0.141	0.056
5.462	1.577	0.235	0.746	0.143	0.250	0.101	-0.147	0.109	-0.084	0.048	-0.073	0.083	-0.126	0.070	-0.143	0.058
5.538	1.385	0.210	0.898	0.169	0.270	0.115	-0.150	0.112	-0.068	0.044	-0.087	0.080	-0.133	0.070	-0.154	0.056
5.615	1.245	0.204	1.108	0.198	0.370	0.121	-0.149	0.112	-0.048	0.041	-0.092	0.080	-0.138	0.067	-0.150	0.055
5.692	1.116	0.188	1.230	0.220	0.438	0.131	-0.155	0.118	-0.032	0.040	-0.091	0.078	-0.146	0.068	-0.148	0.053
5.769	0.986	0.175	1.297	0.219	0.429	0.123	-0.160	0.121	-0.024	0.040	-0.089	0.078	-0.134	0.068	-0.137	0.055
5.846	0.895	0.183	1.233	0.207	0.365	0.110	-0.152	0.108	-0.007	0.037	-0.105	0.080	-0.135	0.069	-0.144	0.053
5.923	0.797	0.162	1.193	0.193	0.294	0.097	-0.150	0.110	-0.006	0.035	-0.109	0.085	-0.139	0.067	-0.149	0.055
6.000	0.742	0.157	1.049	0.168	0.255	0.102	-0.151	0.108	0.008	0.034	-0.098	0.082	-0.148	0.068	-0.148	0.052
6.077	0.682	0.147	0.939	0.141	0.322	0.118	-0.156	0.112	-0.003	0.035	-0.100	0.084	-0.144	0.070	-0.142	0.057
6.154	0.657	0.144	0.845	0.123	0.393	0.142	-0.161	0.112	-0.006	0.035	-0.086	0.083	-0.142	0.069	-0.146	0.054
6.231	0.649	0.130	0.739	0.105	0.454	0.135	-0.151	0.112	-0.013	0.035	-0.087	0.085	-0.133	0.070	-0.143	0.058
6.308	0.638	0.122	0.662	0.094	0.423	0.127	-0.159	0.110	-0.029	0.038	-0.081	0.088	-0.142	0.073	-0.145	0.055
6.385	0.684	0.129	0.640	0.091	0.364	0.118	-0.149	0.110	-0.037	0.034	-0.095	0.086	-0.128	0.070	-0.143	0.057
6.462	0.704	0.139	0.624	0.099	0.304	0.115	-0.157	0.112	-0.058	0.039	-0.092	0.085	-0.144	0.071	-0.142	0.055
6.538	0.753	0.158	0.646	0.123	0.273	0.111	-0.157	0.114	-0.059	0.037	-0.093	0.078	-0.139	0.070	-0.144	0.055
6.615	0.773	0.173	0.687	0.142	0.245	0.107	-0.158	0.117	-0.062	0.044	-0.080	0.079	-0.136	0.071	-0.134	0.054
6.692	0.767	0.181	0.701	0.166	0.238	0.102	-0.151	0.108	-0.074	0.047	-0.081	0.074	-0.133	0.070	-0.138	0.053
6.769	0.766	0.192	0.735	0.186	0.249	0.090	-0.124	0.096	-0.068	0.050	-0.074	0.071	-0.126	0.071	-0.138	0.052
6.846	0.752	0.190	0.735	0.192	0.263	0.100	-0.116	0.082	-0.070	0.053	-0.065	0.067	-0.129	0.068	-0.122	0.049
6.923	0.720	0.190	0.725	0.201	0.268	0.099	-0.102	0.076	-0.073	0.051	-0.067	0.061	-0.121	0.067	-0.132	0.047
7.000	0.685	0.183	0.711	0.201	0.256	0.101	-0.079	0.063	-0.069	0.052	-0.064	0.058	-0.109	0.060	-0.129	0.049
7.077	0.638	0.182	0.678	0.202	0.262	0.110	-0.071	0.060	-0.073	0.053	-0.057	0.050	-0.109	0.055	-0.113	0.046
7.154	0.596	0.171	0.679	0.214	0.251	0.123	-0.050	0.054	-0.076	0.054	-0.059	0.046	-0.082	0.039	-0.118	0.044
7.231	0.587	0.167	0.657	0.213	0.245	0.127	-0.034	0.052	-0.080	0.053	-0.054	0.049	-0.074	0.036	-0.116	0.047
7.308	0.554	0.160	0.631	0.213	0.246	0.150	-0.026	0.054	-0.094	0.053	-0.059	0.048	-0.069	0.030	-0.111	0.045
7.385	0.543	0.156	0.628	0.221	0.219	0.142	-0.008	0.054	-0.089	0.051	-0.055	0.046	-0.065	0.029	-0.102	0.038
7.462	0.541	0.156	0.609	0.219	0.213	0.143	-0.004	0.061	-0.080	0.054	-0.060	0.052	-0.077	0.035	-0.097	0.042
7.538	0.547	0.153	0.588	0.216	0.196	0.147	0.013	0.062	-0.091	0.051	-0.058	0.053	-0.075	0.031	-0.091	0.040
7.615	0.589	0.153	0.582	0.219	0.191	0.152	0.022	0.065	-0.094	0.055	-0.078	0.056	-0.075	0.032	-0.085	0.043
7.692	0.656	0.156	0.573	0.226	0.185	0.157	0.014	0.059	-0.099	0.058	-0.067	0.054	-0.074	0.033	-0.108	0.037
7.769	0.646	0.152	0.589	0.221	0.196	0.178	0.039	0.077	-0.092	0.055	-0.070	0.057	-0.064	0.033	-0.093	0.043
7.846	0.657	0.142	0.594	0.221	0.158	0.160	0.021	0.058	-0.103	0.054	-0.078	0.059	-0.073	0.032	-0.082	0.042
7.923	0.669	0.134	0.609	0.234	0.144	0.156	0.018	0.062	-0.092	0.055	-0.070	0.056	-0.081	0.034	-0.110	0.041
8.000	0.648	0.199	0.621	0.231	0.143	0.158	0.019	0.063	-0.111	0.056	-0.087	0.056	-0.089	0.034	-0.076	0.042
8.077	0.650	0.205	0.602	0.232	0.160	0.159	0.029	0.064	-0.094	0.057	-0.081	0.063	-0.107	0.042	-0.114	0.042
8.154	0.731	0.304	0.670	0.238	0.173	0.181	0.039	0.068	-0.080	0.053	-0.079	0.064	-0.084	0.040	-0.104	0.043
8.231	0.682	0.291	0.729	0.273	0.173	0.177	0.047	0.066	-0.055	0.052	-0.074	0.072	-0.072	0.038	-0.100	0.048
8.308	0.648	0.315	0.627	0.287	0.150	0.154	0.068	0.075	-0.026	0.046	-0.063	0.077	-0.092	0.051	-0.101	0.051
8.385	0.650	0.325	0.655	0.291	0.133	0.145	0.066	0.069	-0.012	0.052	-0.059	0.079	-0.075	0.044	-0.098	0.051
8.462	0.854	0.365	0.702	0.297	0.102	0.137	0.061	0.077	-0.013	0.053	-0.042	0.087	-0.084	0.051	-0.101	0.056
8.538	0.834	0.372	0.619	0.245	0.037	0.173	0.059	0.074	0.002	0.058	-0.032	0.089	-0.078	0.053	-0.093	0.058
8.615	0.878	0.434	0.672	0.260	0.007	0.187	0.058	0.075	0.008	0.053	-0.036	0.096	-0.073	0.051	-0.091	0.055
8.692	0.847	0.428	0.606	0.232	-0.068	0.238	0.059	0.080	0.025	0.059	-0.023	0.097	-0.063	0.053	-0.095	0.058
