time	PD 05		PD 1		PD 2		PD 4	
0.077	0.258	0.287	0.057	0.035	0.042	0.063	0.079	0.048
0.154	0.231	0.290	0.027	0.029	0.096	0.085	0.062	0.032
0.231	0.257	0.332	0.090	0.020	0.043	0.063	0.048	0.038
0.308	0.229	0.383	0.018	0.026	0.028	0.068	0.050	0.027
0.385	-0.069	0.105	0.043	0.051	0.076	0.066	0.083	0.035
0.462	-0.039	0.114	0.009	0.045	0.018	0.070	-0.002	0.036
0.538	-0.069	0.109	0.024	0.027	-0.043	0.068	0.006	0.038
0.615	-0.062	0.100	-0.010	0.029	-0.005	0.077	0.047	0.034
0.692	-0.062	0.097	-0.006	0.031	-0.032	0.066	0.060	0.032
0.769	-0.063	0.062	0.034	0.023	-0.024	0.052	0.070	0.031
0.846	-0.011	0.071	-0.008	0.031	0.004	0.068	0.031	0.017
0.923	-0.015	0.064	0.008	0.031	-0.062	0.058	0.006	0.030
1.000	0.016	0.037	0.021	0.029	-0.041	0.059	0.046	0.033
1.077	0.031	0.037	0.021	0.022	-0.064	0.060	0.030	0.017
1.154	0.053	0.049	-0.026	0.025	-0.071	0.045	0.062	0.026
1.231	0.119	0.080	0.002	0.038	-0.053	0.061	-0.002	0.017
1.308	0.200	0.104	0.002	0.021	-0.026	0.059	0.053	0.028
1.385	0.110	0.085	-0.017	0.032	-0.027	0.056	-0.023	0.022
1.462	0.096	0.079	-0.033	0.027	-0.032	0.054	-0.021	0.026
1.538	0.026	0.060	-0.044	0.027	-0.051	0.063	0.018	0.032
1.615	0.002	0.060	-0.018	0.028	-0.066	0.052	0.038	0.023
1.692	-0.062	0.051	0.000	0.019	-0.097	0.054	0.024	0.031
1.769	-0.059	0.048	-0.041	0.029	-0.065	0.058	-0.007	0.024
1.846	-0.102	0.039	-0.035	0.035	-0.035	0.039	-0.041	0.026
1.923	-0.092	0.040	0.003	0.027	0.011	0.077	0.010	0.021
2.000	-0.138	0.059	0.098	0.046	-0.022	0.058	-0.024	0.027
2.077	-0.130	0.059	0.025	0.029	-0.001	0.057	-0.039	0.027
2.154	-0.163	0.061	0.007	0.026	0.005	0.078	-0.022	0.029
2.231	-0.111	0.058	0.030	0.024	0.075	0.090	-0.028	0.017
2.308	-0.159	0.057	0.010	0.018	0.068	0.092	0.002	0.030
2.385	-0.135	0.081	-0.013	0.043	0.056	0.089	0.022	0.036
2.462	-0.203	0.076	-0.039	0.038	0.044	0.080	-0.025	0.034
2.538	-0.172	0.065	-0.057	0.036	0.050	0.083	0.042	0.043
2.615	-0.102	0.069	-0.082	0.028	0.087	0.092	0.114	0.083
2.692	-0.047	0.106	-0.022	0.041	0.262	0.126	0.057	0.067
2.769	0.127	0.106	0.049	0.042	0.341	0.126	0.060	0.060
2.846	0.295	0.130	0.352	0.071	0.286	0.109	0.080	0.069
2.923	0.642	0.185	0.839	0.175	0.210	0.105	0.153	0.087
3.000	1.111	0.204	1.128	0.181	0.207	0.075	0.090	0.084
3.077	1.547	0.226	1.172	0.166	0.189	0.099	0.097	0.097
3.154	1.958	0.252	1.088	0.185	0.369	0.138	0.077	0.074
3.231	2.315	0.271	0.830	0.152	0.560	0.182	0.050	0.074
3.308	2.386	0.302	0.594	0.108	0.544	0.185	0.047	0.082
3.385	2.294	0.269	0.513	0.101	0.528	0.162	0.125	0.070
3.462	2.034	0.241	0.351	0.077	0.465	0.140	-0.007	0.082
3.538	1.752	0.261	0.217	0.072	0.361	0.107	0.067	0.085
3.615	1.558	0.247	0.228	0.079	0.428	0.134	0.065	0.065
3.692	1.298	0.232	0.233	0.046	0.535	0.189	0.028	0.078
3.769	1.044	0.219	0.230	0.066	0.721	0.212	0.050	0.076
3.846	0.820	0.196	0.441	0.090	0.680	0.199	0.005	0.068
3.923	0.697	0.168	0.926	0.153	0.543	0.161	-0.007	0.074
4.000	0.510	0.167	1.337	0.247	0.495	0.133	0.032	0.079
4.077	0.428	0.150	1.595	0.272	0.443	0.125	0.054	0.081
4.154	0.396	0.153	1.488	0.265	0.535	0.168	-0.032	0.080
4.231	0.310	0.134	1.310	0.231	0.784	0.213	0.041	0.066
4.308	0.295	0.122	1.084	0.197	0.767	0.241	0.011	0.081
4.385	0.178	0.118	0.916	0.157	0.623	0.182	0.017	0.087
4.462	0.169	0.096	0.683	0.135	0.589	0.184	0.031	0.079
4.538	0.193	0.091	0.532	0.101	0.505	0.161	0.036	0.081
4.615	0.165	0.105	0.438	0.109	0.582	0.158	-0.006	0.063
4.692	0.261	0.137	0.408	0.087	0.751	0.198	0.010	0.071
4.769	0.495	0.186	0.411	0.087	0.856	0.242	0.038	0.078
4.846	0.650	0.218	0.546	0.106	0.773	0.214	0.066	0.083
4.923	0.955	0.276	1.065	0.175	0.713	0.205	0.036	0.080
5.000	1.436	0.317	1.744	0.282	0.573	0.214	-0.009	0.078
5.077	1.920	0.346	2.053	0.340	0.537	0.173	0.055	0.082
5.154	2.552	0.360	1.902	0.319	0.706	0.215	0.054	0.082
5.231	3.014	0.383	1.722	0.299	0.940	0.245	0.031	0.070
5.308	3.120	0.406	1.440	0.240	0.879	0.229	-0.009	0.074
5.385	3.373	0.412	1.189	0.199	0.816	0.239	0.025	0.089
5.462	3.128	0.352	0.984	0.167	0.666	0.219	-0.008	0.080
5.538	2.926	0.365	0.762	0.121	0.595	0.218	0.001	0.072
5.615	2.452	0.289	0.655	0.117	0.612	0.206	0.009	0.077
5.692	2.219	0.277	0.583	0.092	0.754	0.239	0.040	0.087
5.769	1.921	0.262	0.587	0.109	0.918	0.237	0.012	0.093
5.846	1.672	0.252	0.720	0.103	0.860	0.202	0.031	0.085
5.923	1.421	0.253	1.154	0.176	0.807	0.201	0.013	0.096
6.000	1.318	0.236	1.735	0.273	0.826	0.199	0.009	0.078
6.077	1.036	0.214	2.130	0.322	0.735	0.191	-0.012	0.084
6.154	0.993	0.218	2.221	0.332	0.804	0.203	0.041	0.085
6.231	0.912	0.204	1.957	0.314	1.061	0.215	0.018	0.086
6.308	0.792	0.205	1.771	0.240	1.079	0.197	0.032	0.075
6.385	0.699	0.217	1.418	0.204	0.880	0.175	0.067	0.085
6.462	0.679	0.197	1.296	0.181	0.855	0.183	-0.008	0.095
6.538	0.545	0.177	0.975	0.135	0.750	0.182	-0.028	0.077
6.615	0.554	0.183	0.888	0.125	0.501	0.132	-0.002	0.086
6.692	0.437	0.158	0.749	0.109	0.463	0.121	0.009	0.065
6.769	0.349	0.144	0.648	0.093	0.448	0.099	0.009	0.053
6.846	0.284	0.125	0.558	0.083	0.482	0.131	-0.010	0.048
6.923	0.305	0.122	0.458	0.075	0.278	0.095	0.019	0.057
7.000	0.242	0.116	0.362	0.082	0.312	0.094	-0.013	0.052
7.077	0.156	0.122	0.332	0.065	0.323	0.103	-0.005	0.044
7.154	0.156	0.108	0.284	0.073	0.287	0.096	0.014	0.038
7.231	0.126	0.122	0.257	0.065	0.190	0.074	0.023	0.046
7.308	0.111	0.115	0.225	0.058	0.179	0.078	0.005	0.038
7.385	0.099	0.139	0.219	0.053	0.163	0.095	-0.021	0.036
7.462	0.053	0.137	0.206	0.041	0.151	0.089	-0.012	0.049
7.538	0.058	0.123	0.185	0.042	0.154	0.087	-0.030	0.035
7.615	0.043	0.126	0.159	0.034	0.071	0.091	-0.006	0.030
7.692	0.071	0.121	0.291	0.161	0.097	0.090	0.025	0.031
7.769	0.047	0.124	0.130	0.047	0.111	0.082	0.018	0.030
7.846	0.068	0.131	0.114	0.046	0.102	0.075	-0.054	0.043
7.923	0.076	0.132	0.067	0.043	0.089	0.078	-0.029	0.040
8.000	0.098	0.143	0.078	0.036	0.091	0.077	-0.022	0.053
8.077	0.133	0.122	0.074	0.027	0.111	0.073	-0.043	0.043
8.154	0.076	0.107	0.092	0.040	0.092	0.083	-0.005	0.036
8.231	0.225	0.131	0.100	0.058	0.050	0.074	0.008	0.048
8.308	0.219	0.152	0.138	0.063	0.081	0.082	0.002	0.062
8.385	0.286	0.183	0.254	0.088	0.125	0.083	0.132	0.085
8.462	0.357	0.210	0.252	0.104	0.048	0.061	0.170	0.098
8.538	0.217	0.185	0.250	0.100	0.033	0.056	0.224	0.136
8.615	0.291	0.225	0.273	0.116	0.054	0.065	0.256	0.161
8.692	0.425	0.333	0.189	0.105	0.046	0.067	0.300	0.187
