time	PD 05		PD 1		PD 2		PD 4		ND 05		ND 1		ND 2		ND 4	
0.0769	0.0075	0.0054	-0.0025	0.0060	0.0117	0.0065	0.0079	0.0047	0.0022	0.0061	0.0166	0.0059	0.0097	0.0090	0.0009	0.0045
0.1538	0.0076	0.0047	-0.0063	0.0061	0.0069	0.0055	0.0069	0.0055	-0.0048	0.0042	0.0115	0.0043	0.0101	0.0108	-0.0010	0.0051
0.2308	0.0063	0.0044	-0.0051	0.0063	0.0015	0.0038	0.0048	0.0045	-0.0019	0.0033	0.0105	0.0041	0.0060	0.0081	-0.0067	0.0040
0.3077	0.0109	0.0049	-0.0030	0.0055	0.0011	0.0043	0.0031	0.0052	-0.0062	0.0033	0.0079	0.0041	0.0040	0.0090	-0.0021	0.0032
0.3846	0.0032	0.0039	0.0017	0.0037	0.0032	0.0059	0.0059	0.0053	-0.0070	0.0037	0.0100	0.0045	0.0037	0.0049	0.0010	0.0046
0.4615	0.0023	0.0049	-0.0003	0.0030	0.0005	0.0056	0.0012	0.0024	-0.0079	0.0034	0.0153	0.0033	-0.0003	0.0050	0.0045	0.0041
0.5385	-0.0053	0.0048	0.0008	0.0038	-0.0026	0.0047	-0.0044	0.0034	-0.0036	0.0030	0.0098	0.0040	0.0047	0.0040	0.0026	0.0047
0.6154	-0.0017	0.0032	-0.0003	0.0021	-0.0003	0.0053	-0.0047	0.0032	-0.0049	0.0032	0.0086	0.0031	0.0087	0.0050	-0.0005	0.0041
0.6923	-0.0014	0.0026	0.0035	0.0030	-0.0005	0.0049	-0.0043	0.0025	-0.0034	0.0034	0.0061	0.0028	0.0009	0.0053	-0.0060	0.0030
0.7692	0.0007	0.0029	0.0003	0.0032	-0.0034	0.0053	-0.0018	0.0028	0.0007	0.0030	0.0097	0.0043	0.0046	0.0046	-0.0000	0.0036
0.8462	0.0012	0.0027	-0.0013	0.0032	0.0035	0.0031	0.0018	0.0026	0.0016	0.0051	0.0038	0.0033	0.0053	0.0041	0.0074	0.0032
0.9231	-0.0013	0.0028	-0.0010	0.0023	0.0043	0.0025	0.0034	0.0018	-0.0009	0.0049	0.0056	0.0039	0.0014	0.0030	-0.0032	0.0036
1.0000	-0.0002	0.0024	0.0004	0.0032	0.0069	0.0024	-0.0116	0.0038	-0.0022	0.0031	0.0035	0.0026	0.0009	0.0039	0.0035	0.0033
1.0769	0.0028	0.0021	0.0018	0.0027	0.0048	0.0029	-0.0057	0.0030	0.0006	0.0028	0.0064	0.0024	0.0021	0.0030	0.0024	0.0034
1.1538	-0.0024	0.0029	0.0018	0.0026	0.0037	0.0026	-0.0004	0.0033	-0.0003	0.0027	-0.0002	0.0028	-0.0007	0.0031	-0.0045	0.0016
1.2308	-0.0038	0.0025	0.0007	0.0024	0.0053	0.0027	-0.0031	0.0024	-0.0025	0.0047	0.0030	0.0022	0.0003	0.0035	0.0009	0.0026
1.3077	-0.0025	0.0029	0.0048	0.0024	0.0019	0.0014	-0.0061	0.0027	-0.0058	0.0070	0.0033	0.0023	0.0007	0.0026	-0.0002	0.0031
1.3846	0.0018	0.0023	0.0006	0.0020	0.0006	0.0023	0.0010	0.0030	-0.0027	0.0071	-0.0000	0.0024	0.0033	0.0027	-0.0052	0.0029
1.4615	0.0050	0.0042	0.0044	0.0023	0.0005	0.0020	-0.0000	0.0025	-0.0069	0.0067	0.0007	0.0018	-0.0016	0.0028	-0.0041	0.0029
1.5385	0.0030	0.0022	0.0010	0.0019	0.0014	0.0033	-0.0019	0.0030	-0.0058	0.0051	0.0002	0.0021	-0.0022	0.0020	-0.0052	0.0017
1.6154	-0.0008	0.0033	-0.0000	0.0019	0.0012	0.0029	-0.0008	0.0019	-0.0054	0.0053	0.0004	0.0026	-0.0014	0.0029	-0.0072	0.0028
1.6923	-0.0006	0.0030	0.0030	0.0013	0.0008	0.0026	-0.0007	0.0018	-0.0044	0.0039	-0.0004	0.0021	-0.0011	0.0032	-0.0022	0.0038
1.7692	0.0032	0.0030	0.0003	0.0017	-0.0031	0.0027	-0.0023	0.0023	-0.0022	0.0045	-0.0005	0.0021	0.0027	0.0021	-0.0051	0.0035
1.8462	0.0075	0.0031	0.0010	0.0016	-0.0003	0.0029	0.0015	0.0029	-0.0063	0.0049	0.0013	0.0021	-0.0036	0.0019	-0.0032	0.0038
1.9231	0.0011	0.0026	-0.0019	0.0017	-0.0009	0.0022	0.0020	0.0018	-0.0069	0.0051	0.0005	0.0027	0.0032	0.0024	-0.0006	0.0048
2.0000	-0.0029	0.0028	0.0017	0.0016	-0.0008	0.0032	0.0022	0.0019	-0.0083	0.0053	-0.0020	0.0015	-0.0001	0.0022	-0.0012	0.0048
2.0769	-0.0050	0.0022	0.0013	0.0019	0.0002	0.0033	0.0012	0.0020	-0.0134	0.0052	0.0016	0.0017	-0.0002	0.0027	-0.0076	0.0057
2.1538	-0.0017	0.0035	-0.0023	0.0017	0.0013	0.0026	-0.0030	0.0025	-0.0125	0.0056	-0.0037	0.0027	0.0002	0.0024	-0.0058	0.0039
2.2308	-0.0011	0.0029	-0.0033	0.0027	0.0000	0.0020	-0.0015	0.0024	-0.0069	0.0035	-0.0027	0.0022	-0.0023	0.0025	-0.0058	0.0072
2.3077	0.0021	0.0026	-0.0004	0.0032	0.0029	0.0028	0.0034	0.0020	-0.0124	0.0051	-0.0015	0.0019	0.0001	0.0026	-0.0059	0.0047
2.3846	0.0056	0.0040	-0.0024	0.0031	0.0038	0.0036	0.0033	0.0021	-0.0096	0.0043	0.0007	0.0030	-0.0007	0.0023	-0.0084	0.0061
2.4615	0.0085	0.0055	-0.0006	0.0035	-0.0033	0.0033	0.0028	0.0020	-0.0190	0.0069	0.0021	0.0042	-0.0041	0.0024	0.0015	0.0062
2.5385	0.0163	0.0064	0.0145	0.0057	-0.0055	0.0045	0.0090	0.0028	-0.0111	0.0041	-0.0047	0.0063	0.0064	0.0040	0.0050	0.0074
2.6154	0.0260	0.0051	0.0282	0.0089	0.0078	0.0066	0.0246	0.0068	-0.0119	0.0034	-0.0030	0.0082	0.0110	0.0054	0.0013	0.0070
2.6923	0.0366	0.0077	0.0468	0.0089	0.0279	0.0089	0.0275	0.0092	-0.0081	0.0045	-0.0076	0.0096	0.0143	0.0071	0.0067	0.0093
2.7692	0.0473	0.0085	0.0596	0.0089	0.0439	0.0107	0.0120	0.0055	-0.0077	0.0050	-0.0035	0.0086	0.0190	0.0058	0.0116	0.0112
2.8462	0.0514	0.0102	0.0697	0.0100	0.0425	0.0105	0.0222	0.0071	-0.0004	0.0054	0.0015	0.0087	0.0122	0.0062	0.0025	0.0066
2.9231	0.0544	0.0116	0.0771	0.0090	0.0281	0.0075	0.0323	0.0090	-0.0021	0.0090	0.0072	0.0097	0.0032	0.0052	0.0092	0.0082
3.0000	0.0629	0.0113	0.0663	0.0090	0.0040	0.0043	0.0210	0.0066	0.0019	0.0078	0.0063	0.0089	0.0035	0.0041	0.0120	0.0094
3.0769	0.0667	0.0108	0.0562	0.0076	-0.0048	0.0054	0.0228	0.0049	0.0072	0.0083	0.0107	0.0094	0.0100	0.0061	0.0083	0.0093
3.1538	0.0746	0.0101	0.0327	0.0083	0.0136	0.0069	0.0391	0.0064	0.0132	0.0084	0.0089	0.0086	0.0190	0.0069	-0.0004	0.0069
3.2308	0.0818	0.0101	0.0140	0.0070	0.0436	0.0089	0.0266	0.0058	0.0133	0.0098	0.0068	0.0084	0.0240	0.0084	0.0148	0.0101
3.3077	0.0721	0.0093	-0.0030	0.0084	0.0568	0.0083	0.0102	0.0047	0.0161	0.0106	0.0040	0.0072	0.0226	0.0065	0.0059	0.0078
3.3846	0.0775	0.0090	-0.0156	0.0088	0.0489	0.0073	0.0285	0.0058	0.0203	0.0119	-0.0004	0.0059	0.0027	0.0058	-0.0040	0.0067
3.4615	0.0656	0.0093	-0.0202	0.0089	0.0179	0.0059	0.0309	0.0062	0.0121	0.0131	-0.0024	0.0076	-0.0105	0.0053	0.0069	0.0099
3.5385	0.0558	0.0076	-0.0101	0.0094	-0.0031	0.0058	0.0122	0.0063	0.0152	0.0121	-0.0128	0.0082	-0.0064	0.0048	0.0062	0.0092
3.6154	0.0472	0.0076	-0.0001	0.0087	-0.0018	0.0063	0.0144	0.0070	0.0130	0.0112	-0.0092	0.0088	0.0092	0.0069	-0.0017	0.0082
3.6923	0.0353	0.0075	0.0176	0.0098	0.0152	0.0088	0.0249	0.0076	0.0066	0.0133	-0.0122	0.0098	0.0224	0.0069	-0.0004	0.0099
3.7692	0.0212	0.0074	0.0387	0.0092	0.0390	0.0099	0.0105	0.0068	0.0051	0.0106	-0.0120	0.0096	0.0166	0.0067	0.0024	0.0109
3.8462	0.0114	0.0082	0.0595	0.0100	0.0468	0.0096	0.0107	0.0084	-0.0069	0.0109	-0.0096	0.0105	0.0013	0.0059	-0.0082	0.0080
3.9231	0.0030	0.0078	0.0596	0.0105	0.0258	0.0088	0.0169	0.0086	-0.0063	0.0109	-0.0106	0.0097	-0.0106	0.0063	-0.0022	0.0089
4.0000	-0.0043	0.0071	0.0641	0.0091	-0.0012	0.0065	0.0083	0.0070	-0.0047	0.0107	-0.0054	0.0091	-0.0160	0.0051	0.0094	0.0109
4.0769	-0.0096	0.0064	0.0432	0.0068	-0.0119	0.0061	-0.0055	0.0075	-0.0174	0.0103	0.0008	0.0094	-0.0090	0.0064	-0.0037	0.0092
4.1538	-0.0105	0.0069	0.0293	0.0078	-0.0026	0.0094	0.0114	0.0083	-0.0192	0.0092	-0.0027	0.0095	0.0106	0.0057	-0.0085	0.0081
4.2308	-0.0139	0.0070	0.0102	0.0072	0.0248	0.0106	0.0106	0.0065	-0.0156	0.0076	-0.0015	0.0090	0.0152	0.0057	0.0065	0.0112
4.3077	-0.0114	0.0060	-0.0132	0.0069	0.0444	0.0119	-0.0084	0.0056	-0.0197	0.0081	-0.0021	0.0069	0.0080	0.0050	0.0022	0.0095
4.3846	-0.0095	0.0065	-0.0193	0.0073	0.0359	0.0108	0.0077	0.0087	-0.0197	0.0081	-0.0014	0.0067	-0.0079	0.0046	-0.0105	0.0081
4.4615	-0.0065	0.0055	-0.0175	0.0087	0.0137	0.0080	0.0104	0.0086	-0.0241	0.0087	-0.0012	0.0065	-0.0202	0.0050	0.0001	0.0108
4.5385	0.0059	0.0057	-0.0153	0.0094	-0.0092	0.0078	-0.0023	0.0072	-0.0209	0.0089	-0.0100	0.0092	-0.0228	0.0058	0.0030	0.0097
4.6154	0.0142	0.0059	-0.0018	0.0083	-0.0107	0.0076	0.0025	0.0089	-0.0214	0.0093	-0.0129	0.0090	-0.0045	0.0062	-0.0114	0.0085
4.6923	0.0251	0.0062	0.0151	0.0098	0.0096	0.0099	0.0170	0.0087	-0.0146	0.0094	-0.0127	0.0090	0.0095	0.0057	-0.0017	0.0089
4.7692	0.0342	0.0067	0.0374	0.0081	0.0359	0.0119	-0.0018	0.0068	-0.0142	0.0094	-0.0147	0.0099	0.0144	0.0067	0.0061	0.0098
4.8462	0.0454	0.0064	0.0539	0.0103	0.0418	0.0113	-0.0007	0.0076	-0.0106	0.0095	-0.0110	0.0095	-0.0001	0.0058	-0.0091	0.0081
4.9231	0.0535	0.0061	0.0545	0.0091	0.0275	0.0108	0.0168	0.0088	-0.0086	0.0101	-0.0128	0.0094	-0.0141	0.0050	-0.0014	0.0090
5.0000	0.0609	0.0066	0.0581	0.0085	-0.0006	0.0088	0.0069	0.0082	-0.0027	0.0104	-0.0099	0.0085	-0.0207	0.0043	0.0150	0.0101
5.0769	0.0756	0.0080	0.0455	0.0073	-0.0138	0.0076	-0.0007	0.0068	0.0016	0.0109	-0.0069	0.0084	-0.0133	0.0048	0.0002	0.0087
5.1538	0.0795	0.0087	0.0276	0.0080	-0.0043	0.0086	0.0156	0.0088	0.0070	0.0107	-0.0035	0.0076	0.0011	0.0066	-0.0012	0.0080
5.2308	0.0805	0.0081	0.0106	0.0064	0.0166	0.0127	0.0111	0.0075	0.0139	0.0105	-0.0067	0.0087	0.0163	0.0076	0.0111	0.0104
5.3077	0.0762	0.0100	-0.0062	0.0061	0.0374	0.0137	-0.0044	0.0069	0.0104	0.0101	-0.0073	0.0069	0.0114	0.0061	0.0040	0.0091
5.3846	0.0713	0.0104	-0.0180	0.0079	0.0341	0.0125	0.0087	0.0080	0.0086	0.0106	-0.0084	0.0073	-0.0066	0.0067	-0.0093	0.0082
5.4615	0.0658	0.0102	-0.0180	0.0084	0.0171	0.0092	0.0173	0.0081	0.0164	0.0103	-0.0125	0.0061	-0.0153	0.0047	0.0041	0.0099
5.5385	0.0571	0.0082	-0.0181	0.0089	-0.0086	0.0081	0.0037	0.0071	0.0150	0.0117	-0.0159	0.0091	-0.0144	0.0048	0.0047	0.0092
5.6154	0.0512	0.0092	-0.0031	0.0092	-0.0160	0.0085	0.0052	0.0079	0.0090	0.0123	-0.0159	0.0090	-0.0028	0.0060	-0.0040	0.0078
5.6923	0.0396	0.0090	0.0092	0.0085	0.0003	0.0095	0.0179	0.0084	0.0080	0.0121	-0.0149	0.0087	0.0077	0.0073	0.0027	0.0086
5.7692	0.0320	0.0089	0.0330	0.0085	0.0260	0.0101	-0.0008	0.0065	0.0050	0.0126	-0.0135	0.0094	0.0110	0.0054	0.0133	0.0090
5.8462	0.0189	0.0094	0.0515	0.0088	0.0381	0.0130	0.0050	0.0075	0.0000	0.0112	-0.0148	0.0096	0.0002	0.0064	-0.0010	0.0077
5.9231	0.0091	0.0090	0.0596	0.0101	0.0302	0.0116	0.0131	0.0087	-0.0105	0.0109	-0.0199	0.0096	-0.0121	0.0049	-0.0027	0.0075
6.0000	0.0055	0.0088	0.0607	0.0096	0.0011	0.0092	0.0049	0.0067	-0.0102	0.0104	-0.0093	0.0081	-0.0202	0.0052	0.0086	0.0094
6.0769	-0.0006	0.0083	0.0466	0.0084	-0.0138	0.0077	-0.0003	0.0075	-0.0135	0.0103	-0.0065	0.0101	-0.0083	0.0058	0.0004	0.0075
6.1538	-0.0028	0.0089	0.0309	0.0067	-0.0068	0.0080	0.0083	0.0081	-0.0158	0.0110	-0.0066	0.0095	0.0034	0.0062	-0.0023	0.0074
6.2308	-0.0041	0.0077	0.0140	0.0053	0.0117	0.0097	0.0127	0.0074	-0.0193	0.0100	-0.0035	0.0088	0.0091	0.0071	0.0043	0.0079
6.3077	-0.0078	0.0073	-0.0052	0.0057	0.0238	0.0114	-0.0024	0.0071	-0.0171	0.0105	-0.0034	0.0069	0.0051	0.0063	0.0021	0.0082
6.3846	-0.0102	0.0069	-0.0122	0.0068	0.0303	0.0122	0.0112	0.0080	-0.0203	0.0093	-0.0084	0.0058	-0.0019	0.0054	-0.0043	0.0067
6.4615	-0.0029	0.0086	-0.0193	0.0063	0.0134	0.0105	0.0192	0.0083	-0.0184	0.0099	-0.0132	0.0046	-0.0111	0.0054	-0.0003	0.0069
6.5385	0.0036	0.0072	-0.0204	0.0065	0.0031	0.0102	0.0061	0.0077	-0.0198	0.0100	-0.0128	0.0066	-0.0144	0.0045	-0.0058	0.0072
6.6154	0.0061	0.0064	-0.0184	0.0066	-0.0045	0.0088	-0.0046	0.0075	-0.0187	0.0094	-0.0084	0.0058	-0.0070	0.0052	-0.0084	0.0066
6.6923	0.0052	0.0047	-0.0104	0.0049	-0.0052	0.0086	0.0050	0.0067	-0.0127	0.0083	-0.0054	0.0063	-0.0032	0.0054	-0.0097	0.0066
6.7692	0.0071	0.0043	-0.0062	0.0058	-0.0048	0.0061	-0.0008	0.0064	-0.0140	0.0087	-0.0079	0.0053	-0.0046	0.0047	-0.0071	0.0067
6.8462	0.0106	0.0046	-0.0015	0.0053	-0.0017	0.0064	-0.0060	0.0078	-0.0135	0.0090	-0.0042	0.0074	-0.0044	0.0042	-0.0068	0.0065
6.9231	0.0145	0.0046	-0.0008	0.0054	-0.0066	0.0050	-0.0060	0.0058	-0.0114	0.0091	-0.0047	0.0072	-0.0104	0.0038	-0.0124	0.0067
7.0000	0.0204	0.0055	-0.0007	0.0055	-0.0083	0.0057	-0.0041	0.0054	-0.0093	0.0092	-0.0042	0.0104	-0.0147	0.0058	-0.0112	0.0057
7.0769	0.0203	0.0058	0.0006	0.0045	-0.0138	0.0071	-0.0060	0.0056	-0.0071	0.0108	-0.0058	0.0108	-0.0101	0.0048	-0.0062	0.0065
7.1538	0.0184	0.0053	-0.0028	0.0041	-0.0083	0.0072	-0.0091	0.0060	-0.0104	0.0085	-0.0021	0.0106	-0.0134	0.0044	-0.0055	0.0061
7.2308	0.0185	0.0066	-0.0021	0.0042	-0.0086	0.0062	-0.0061	0.0046	-0.0090	0.0087	-0.0014	0.0107	-0.0135	0.0048	-0.0042	0.0067
7.3077	0.0189	0.0063	-0.0026	0.0036	-0.0048	0.0064	-0.0020	0.0039	-0.0043	0.0064	-0.0042	0.0088	-0.0038	0.0048	-0.0044	0.0060
7.3846	0.0179	0.0046	0.0008	0.0036	-0.0043	0.0046	0.0026	0.0051	-0.0065	0.0068	-0.0005	0.0081	-0.0054	0.0042	-0.0041	0.0065
7.4615	0.0183	0.0042	0.0004	0.0033	-0.0087	0.0052	-0.0010	0.0054	-0.0042	0.0074	-0.0023	0.0075	-0.0084	0.0038	-0.0003	0.0060
7.5385	0.0180	0.0043	-0.0029	0.0033	-0.0022	0.0054	0.0026	0.0046	-0.0056	0.0068	-0.0023	0.0080	-0.0100	0.0048	-0.0023	0.0059
7.6154	0.0138	0.0063	-0.0055	0.0031	-0.0002	0.0050	-0.0046	0.0049	-0.0012	0.0066	-0.0018	0.0073	-0.0063	0.0042	-0.0008	0.0062
7.6923	0.0158	0.0051	-0.0008	0.0027	-0.0034	0.0051	-0.0018	0.0037	0.0036	0.0088	0.0001	0.0084	-0.0054	0.0041	-0.0016	0.0070
7.7692	0.0189	0.0061	-0.0053	0.0029	-0.0024	0.0058	-0.0017	0.0049	0.0041	0.0080	-0.0028	0.0073	-0.0031	0.0041	-0.0026	0.0068
7.8462	0.0230	0.0051	-0.0003	0.0031	-0.0008	0.0042	-0.0052	0.0041	0.0026	0.0086	-0.0018	0.0099	-0.0040	0.0036	-0.0057	0.0076
7.9231	0.0259	0.0054	0.0051	0.0067	0.0032	0.0058	-0.0035	0.0044	-0.0056	0.0079	-0.0026	0.0081	-0.0072	0.0030	-0.0108	0.0085
8.0000	0.0267	0.0067	0.0087	0.0070	0.0004	0.0051	0.0017	0.0036	-0.0022	0.0075	-0.0028	0.0091	-0.0045	0.0045	-0.0015	0.0066
8.0769	0.0311	0.0058	0.0156	0.0071	0.0059	0.0061	-0.0007	0.0046	0.0051	0.0063	-0.0018	0.0085	0.0019	0.0041	0.0065	0.0055
8.1538	0.0327	0.0056	0.0208	0.0094	0.0080	0.0072	0.0026	0.0030	0.0048	0.0061	0.0011	0.0102	0.0023	0.0035	0.0175	0.0060
8.2308	0.0308	0.0078	0.0180	0.0084	0.0229	0.0092	0.0082	0.0048	0.0018	0.0085	0.0088	0.0106	-0.0024	0.0023	0.0242	0.0072
8.3077	0.0334	0.0084	0.0226	0.0086	0.0239	0.0107	0.0109	0.0053	0.0040	0.0061	0.0037	0.0100	-0.0012	0.0034	0.0243	0.0085
8.3846	0.0325	0.0085	0.0149	0.0079	0.0240	0.0126	0.0111	0.0048	0.0092	0.0062	0.0059	0.0113	0.0017	0.0038	0.0157	0.0091
8.4615	0.0259	0.0074	0.0201	0.0098	0.0292	0.0124	0.0137	0.0050	0.0053	0.0069	0.0052	0.0104	0.0078	0.0052	0.0196	0.0087
8.5385	0.0207	0.0084	0.0191	0.0094	0.0257	0.0111	0.0093	0.0050	0.0049	0.0061	0.0047	0.0115	0.0053	0.0051	0.0181	0.0080
8.6154	0.0158	0.0079	0.0092	0.0096	0.0279	0.0096	0.0128	0.0045	0.0037	0.0066	0.0028	0.0117	0.0121	0.0074	0.0152	0.0080
8.6923	0.0196	0.0074	0.0054	0.0078	0.0254	0.0090	0.0106	0.0052	0.0006	0.0071	-0.0026	0.0105	0.0142	0.0084	0.0133	0.0088
